283166
282911
282910
282909
282906
282905
282904
282903
282902
282901
282900
282899
282898
282897
282896
282895
282894
282893
282892
282891
282890
282888
282887
282886
282885
282884
282883
282882
282881
282880
282879
282878
282877
282876
282875
282874
282873
282872
282871
282870
282869
282868
282867
282866
282865
282864
282863
282862
282861
282860
282859
282858
282857
282856
282855
282854
282853
282852
282851
282850
282849
282848
282847
282838
282837
282836
282835
282832
282831
282830
282826
282825
282824
282817
282811