695394
695393
695391
695389
695388
695387
695385
695384
695383
695382
695380
695379
284471
284470
284166
284165
284164
284163
284162
284161
284160
284159
284158
284157
284156
284155
284152
284151
284148
284147
284146
284145
284143
284142
284141
284140
284139
284138
284137
284136
284135
284134
284133
284132
284130
284129
284128
284127
284126
284125
284124
284123
284119
284118
284112
284111
284110
284109
284108
284107
284106
284105
284104
284103
284102
284101
284100
284099
284098
284097
284096
284095
284094
284093
284062
284061
284060
284059
283917
283588