284612
284611
284610
284609
284607
284599
284581
284580
284579
284578
284577
284576
284575
284574
284573
284572
284571
284570
284569
284568
284567
284566
284565
284564
284563
284561
284560
284558
284557
284556
284554
284553
284552
284550
284549
284548
284545
284535
284534
284533
284532
284531
284530
284529
284528
284527
284526
284525
284524
284523
284522
284521
284520
284519
284518
284517
284516
284515
284514
284513
284512
284510
284508
284507
284506
284505
284504
284503
284502
284496
284477
284476
284475
284474
284473
284472