284955
284954
284953
284952
284951
284950
284949
284948
284947
284946
284945
284944
284943
284942
284941
284940
284939
284938
284937
284935
284934
284933
284932
284931
284930
284929
284928
284927
284926
284925
284924
284923
284922
284921
284920
284919
284918
284917
284916
284915
284914
284913
284911
284910
284909
284908
284907
284906
284905
284904
284903
284902
284901
284900
284899
284898
284897
284896
284895
284894
284893
284874
284873
284872
284868
284863
284862
284860
284834
284833
284828
284784
284771