482541
482539
482538
482537
482536
482535
482534
482533
482522
482521
482520
482518
482411
482410
482409
482408
482407
482406
482404
482402
482400
482399
482398
482393
482392
482391
482390
482389
482388
482386
482383
482382
482379
482378
482377
482376
482375
482349
482348
482346
480150
480148
480142
480141
480140
480138
479348
479347
479346
479345
479344
479343
479341
479340
479339
479337
479336
479335
479334
479332
479331
479330
479329
479328
479327
479326
479325
479323
479322
478356
478298
476195
470868
468522
464215
462340