509429
509421
509420
509419
509418
509380
509375
509188
509186
509185
509184
509183
509182
509181
509180
509179
509177
509176
509174
509173
509171
509158
509156
509155
509154
509153
509151
508875
508874
508317
508289
508174
508173
508172
508136
508133
508130
508126
508121
508117
508109
508100
508087
508085
508084
508079
508075
508032
508030
508028
508027
508024
508023
508021
508018
508016
508014
508011
508010
508008
508007
508006
508005
508002
508001
507717
507410
507409
507408
507407
507406
507405
505387
505386
504508
504164
497742