538364
538295
538027
538026
537731
537730
537728
537726
537725
537724
537722
537720
537719
537717
537711
537703
537679
537677
537676
537675
537673
537671
537669
537038
537033
537031
537030
537028
537026
537025
537024
537023
537022
537021
537020
537019
537018
537015
536958
536259
536256
536255
536251
536248
536245
536241
536236
536228
536223
536220
536218
536217
536213
536211
536209
536207
536206
536205
536203
536120
536089
536088
536087
536083
536082
535326
534386
534130
534121
527352
526686
524030
521431