563982
563980
563979
563978
563801
563800
563799
563797
563614
563466
563465
563464
563463
563461
563460
563459
563457
563440
563438
563437
563436
563434
563432
563431
563423
562938
562935
562933
562929
562879
562877
562876
562873
562872
562870
562869
562864
562602
562599
562507
562506
562504
562501
562500
562436
562434
562433
562427
562423
562412
562408
562405
562404
562402
562400
562398
562396
562392
562391
562388
562363
562362
562361
562360
561756
561754
561753
561751
561748
561747
561604
560083
560077
551967
543081