694915
694906
646059
646058
646055
646054
646053
646052
646051
646050
646049
646047
646023
639347
639346
596023
596019
590543
590466
590464
590428
590394
590380
590311
590310
590303
590300
590299
590298
590297
590294
590279
590229
590216
590215
590200
590199
590198
590195
590183
590174
590170
590164
590162
589951
588959
588954
588953
588952
588948
588934
588928
588920
588911
588908
588902
588895
588889
588875
588859
588854
588269
588253
588251
588237
588224
588207
588201
588186
588181
588177
588176
588175
588168
588161
588156
588141
588140
588139
588127
588126
588117
588092
588089
588088
588086
588085
588082
588079
587912
587749
587738
587737
587707
587685
587673
587505
587480
578375
574516
571955