624717
615197
615165
615163
615162
615161
615159
615158
615131
615103
615099
615093
615088
615032
615027
615020
615015
615009
614918
614909
614906
614903
614680
614679
614676
614675
614674
614671
614669
614666
614536
614535
614534
614533
614532
614531
614530
614529
614528
614527
614526
614525
614524
614214
614180
614179
614178
614177
614166
614165
614125
614124
613927
613920
613913
613909
613904
613903
613902
613901
613897
613895
613425
613421
613420
613419
613418
613417
613414
613409
613394
613384
613369
613363
613360
613302
609394
609389
609197