1638050
644767
644765
644764
644763
644738
644732
644683
644572
644571
644569
644568
644567
644560
644557
644555
644553
644538
644537
644536
644535
644534
644498
644480
644312
644311
644310
644301
644300
644299
644298
644294
644287
644280
644277
644273
644223
644218
644217
644214
644200
644187
644185
644182
644152
644071
644058
644054
644051
644046
644005
643999
643997
643988
643981
643960
643958
643953
643951
643949
643907
643906
643905
643904
643903
643902
643901
643899
643898
643897
643895
643894
643890
643885
639475
632095
632080
632041