718405
701638
701201
700847
700753
700739
700704
700654
700650
700637
700551
700542
700534
700524
700508
700507
700454
700384
700379
700346
700327
698983
698713
698128
697884
697863
697859
697858
697856
697855
697854
697416
697414
697336
697333
697332
697331
697327
697326
697325
697324
697318
697317
697316
697314
697309
697308
697307
697306
697301
697294
697287
697069
697068
697063
696954
696889
696888
696886
696884
696882
696801
696799
696794
696791
696789
696745
694614
691396
689037
687112
680440