740420
740419
740247
740245
740244
740243
740242
740184
740183
740182
740181
740180
740179
740178
740177
740176
740175
740174
740173
740172
740171
740170
739998
739997
739996
739995
739994
739993
739992
739991
739990
739989
739988
739987
739848
739847
739430
738701
738700
738699
738698
738697
738696
738695
738694
738693
738692
738691
738690
738689
738688
738687
738685
738683
738682
738679
738675
738674
738672
738669
738661
738660
738659
738657
738629
738626
738624
738239
733398
732147
730958
727813
724904
721805