820133
820132
820131
820130
820129
820128
820127
820126
820125
820123
820121
820119
820118
820117
820115
820114
820113
820112
820111
820110
820109
820108
820107
820106
820105
820103
820102
820101
820100
820099
820098
820097
820096
820095
820094
820093
820092
820091
820090
820089
820088
820087
820086
820085
820084
820083
820082
820081
820080
820079
820078
820077
820076
820075
820074
820073
820072
820071
820070
820069
820068
820067
820066
820065
820064
820063
820062
820061
820060
820059
820058
820057
820056
820055
782544
782030
779003
774238
772070
767565