827243
827242
827241
827240
827239
827238
827237
827236
827235
827234
827233
827232
827231
827230
827229
827228
827227
827226
827225
827224
827223
827222
827221
827220
827219
827218
827217
827216
827215
827214
827213
827212
827211
827210
827209
827208
827207
827206
827205
827204
827203
827202
827201
827200
827199
827198
827197
827196
827195
827194
827193
827192
827191
827190
827189
827188
827187
827186
827185
827184
827183
827182
827181
827180
827179
827178
827177
827176
827175
827174
827173
827172
827171
820124
820122
820120
820116
820104