1471017
855235
855234
855233
855232
855231
855230
855229
855228
855227
855226
855225
855224
855223
855222
855221
855220
855219
855218
855217
855216
855215
855214
855213
855212
855211
855210
855209
855208
855207
855206
855205
855204
855203
855202
855201
855200
855199
855198
855197
855196
855195
855194
855193
855192
855191
855190
855189
855188
855187
855186
855185
855184
855183
855182
855181
855180
855179
855178
855177
855176
855175
855174
855173
855172
855171
855170
855169
855168
855167
855166
855165
850619
850618
850616
850615
850614
849568
847070
845067
845066