1479518
1479517
1470211
1468216
1468215
1467690
1327572
1327571
1327570
1327569
1327568
1327567
1327566
1327565
1327564
1327563
1327562
1327561
1327560
1327559
1327558
1327557
1327556
1327555
1327554
1327553
1327552
1327551
1327550
1327549
1327548
1327547
1327546
1327545
1327544
1327543
1327542
1327541
1326170
1326169
1326168
1326167
1326166
1326165
1325973
1325864
1325863
1325862
1325861
1325860
1325859
1325858
1325857
1325856
1325855
1325854
1325853
1325852
1325851
1325850
1325849
1325848
1325847
1325791
1325790
1325789
1325788
1325787
1325786
1325785
1325784
1325783
1325782
1325781
1325780
1325779
1325778
1325777
1325776
1325775
1325774
1325773
1325772
1325771
1325770
1325769
1325768
1325767
1325766
1312218
1305244
1298240
1290041
1289215