1657121
1657120
1657119
1657118
1657117
1656649
1656648
1656647
1656646
1656645
1656644
1656643
1656642
1656640
1656639
1656638
1656637
1656636
1656414
1656199
1656198
1656197
1656171
1656170
1656169
1656168
1656167
1656166
1656165
1656164
1656163
1656162
1656161
1656160
1656159
1656158
1656157
1656124
1655569
1655568
1655459
1655458
1655350
1655348
1655347
1655346
1655344
1655343
1655342
1655341
1655340
1655339
1655338
1655337
1655336
1655335
1655334
1655333
1655332
1655331
1655330
1655329
1655328
1655327
1655326
1655325
1655324
1655323
1655322
1655321
1655320
1655128
1655126
1655124
1655123
1655122
1654887
1654886
1654885
1654884
1654883
1654882
1654881
1654880
1654879
1654878
1654876
1654875
1654874
1654873
1654872
1654871
1654162
1654161
1654160
1654159
1654158
1654157
1650751
1648364
1642599
1642598
1634030
1630737
1630101
1629999
1627950