3841023
3841022
3841021
3840223
3840222
3840221
3840220
3840219
3840218
3840217
3840216
3840215
3840214
3840213
3840212
3840211
3840132
3840131
3840130
3840129
3840128
3840127
3840125
3840124
3840123
3840122
3840121
3840120
3840119
3840118
3840117
3840116
3840115
3839989
3839988
3839987
3839986
3839985
3839984
3839983
3839982
3839981
3839980
3839979
3839978
3839977
3839976
3839975
3839974
3839973
3839972
3839971
3839970
3839969
3839968
3839967
3839966
3839965
3839964
3839963
3839962
3839961
3839960
3839959
3839958
3839957
3839956
3839955
3839954
3839953
3839874
3839873
3839872
3839871
3839870
3839868
3839867
3839866
3839865
3839814
3839812
3838653
3838477
3837830
3837829
3837828
3837827
3837825
3837253
3834943
3827354
3827192
3827191
3814149
3813221
3813050
3813047
3811071
3808112
3807805