3897078
3897077
3897076
3896183
3896182
3896181
3896180
3896179
3896178
3895476
3895473
3895472
3895470
3895469
3895466
3895367
3895366
3895365
3895364
3895363
3894869
3894868
3894866
3894865
3894863
3894858
3894848
3894847
3894846
3894845
3894844
3894843
3894842
3894841
3894840
3894839
3894838
3894511
3894323
3894287
3894285
3894284
3894283
3894281
3894280
3894279
3894278
3894275
3894274
3894273
3894258
3894180
3893854
3893853
3893852
3893851
3893850
3893849
3893848
3893847
3893846
3893845
3893844
3893843
3893842
3893841
3893840
3893839
3893838
3893837
3893836
3893835
3893834
3893833
3893828
3893811
3893810
3893809
3893808
3893807
3893805
3893804
3893803
3893802
3893799
3893776
3893734
3893463
3893462
3893461
3893460
3893459
3893458
3889751
3880646
3880645
3879564
3879562
3879561
3846846