3954788
3952171
3952170
3952169
3952168
3952167
3952166
3952165
3951523
3951519
3951518
3951516
3951515
3951514
3951513
3951511
3951510
3951471
3951470
3951469
3951468
3951467
3951466
3951465
3951464
3951463
3951462
3951461
3951460
3951459
3951458
3951457
3951456
3950872
3950871
3950870
3950868
3950806
3950802
3950799
3950798
3950796
3950795
3950793
3950789
3950786
3950576
3950575
3950574
3950573
3950572
3950571
3950570
3950569
3950568
3950567
3950566
3950565
3950564
3950563
3950562
3950561
3950477
3950476
3950475
3950474
3950473
3950472
3950471
3950470
3950469
3950468
3950467
3950466
3949882
3949881
3949878
3930612
3930118
3929865
3929594
3929264
3928346
3926467
3903150
3902234