3999186
3999158
3999153
3999151
3998306
3997771
3997770
3997769
3997760
3997750
3997749
3997748
3997744
3997741
3997738
3997731
3997726
3997720
3997713
3997710
3997709
3997638
3997632
3997625
3997619
3997612
3997574
3997573
3997238
3997237
3997235
3997234
3997233
3997232
3997231
3997230
3997180
3997179
3997044
3996921
3996920
3996919
3996918
3996917
3996916
3996915
3996914
3996913
3996912
3996911
3996910
3996909
3996908
3996907
3996906
3996905
3996904
3996903
3996902
3996901
3996900
3996899
3996898
3996897
3996896
3996895
3996894
3996881
3996839
3996838
3996837
3996836
3996096
3996095
3996094
3996093
3996092
3995021
3995020
3994052
3993873
3993232
3990400
3982659
3979135
3976352
3967778
3965954
3959039