4031242
4031240
4031236
4031009
4031008
4031007
4031006
4031005
4031004
4031003
4031002
4030928
4030718
4030717
4030716
4030715
4030714
4030713
4030712
4030711
4030710
4030709
4030708
4030705
4030704
4030703
4030702
4030701
4030700
4030699
4030698
4029732
4029443
4029442
4029441
4029440
4029439
4029438
4029437
4029436
4029435
4029434
4029433
4029432
4029230
4029229
4029228
4029227
4029226
4029225
4029224
4029223
4029222
4029221
4029220
4029020
4029019
4029018
4029017
4029016
4029015
4029014
4029013
4029012
4029011
4029010
4029009
4029008
4029007
4029006
4029005
4029004
4029003
4029002
4029001
4028491
4027907
4025763
4025656
4025240
4020262
4016932
4014190
4014142
4014141
4009707
4003921
4003689